55,3
55,2
55,1
55,0
54,3
54,2
54,1
54,0
53,3
53,2
0,9
53,1
53,0
0,489
0,488
0,487
0,486
0,485
0,484
0,483
0,482
0,481
0,480
0,479
0,478
0,477
0,476
0,475
0,474
0,473
0,472
0,471
0,243
0,470
0,469
0,468
0,467
42,2
52,52
52,51
52,50
52,49
52,48
52,47
52,46
52,45
52,44
52,43
52,42
52,41
52,40
52,39
52,38
52,37
52,36
52,35
10,155
10,9
10,303
10,217
10,163
10,269
10,119
10,241
10,2
10,3
11,9
11,24
11,8
11,23
11,12
11,2
11,3
9,5
9,7
8,10
8,15
8,5
8,14
8,8
8,7
51,4
51,3
51,2
51,1
51,0
48,3
48,2
48,1
48,0
46,3
46,2
46,1
46,0
42,3
42,1
31,5
31,3
31,1
30,4
30,3
30,1
29,4
29,3
29,1
28,4
28,3
28,1
